77371,
77331,
77358,
77378,
77868,
77327,
77303,
77880,
77426,
77301,
77306,
77372,
77575,
77568,
77564,
77510,
77357,
77535,
77445,
77085,
77015,
77336,
77418,
77339,
77034,
77090,
77068,
77014,
77069,
77066,
77060,
77067,
77064,
77065,
77086,
77038,
77037,
77474,
77088,
77093,
77016,
77514,
77597,
77076,
77091,
77028,
77022,
77043,
77055,
77026,
77008,
77013,
77562,
77078,
77532,
77049,
77530,
77365,
77345,
77554,
77029,
77020,
77079,
77007,
77493,
77094,
77077,
77057,
77056,
77002,
77027,
77003,
77536,
77019,
77547,
77010,
77011,
77006,
77012,
77506,
77503,
77023,
77004,
77098,
77046,
77005,
77485,
77401,
77081,
77441,
77030,
77074,
77036,
77072,
77087,
77021,
77083,
77017,
77092,
77025,
77054,
77033,
77502,
77096,
77099,
77051,
77061,
77071,
77031,
77035,
77045,
77587,
77505,
77504,
77346,
77471,
77362,
77598,
77062,
77082,
77546,
77565,
77573,
77417,
77018,
77650,
77591,
77590,
77517,
77563,
77444,
77550,
77577,
77041,
77541,
77080,
77084,
77070,
77586,
77507,
77058,
77059,
77044,
77396,
77338,
77009,
77040,
77024,
77551,
77450,
77073,
77461,
77089,
77423,
77494,
77479,
77518,
77539,
77042,
77486,
77063,
77534,
77430,
77511,
77459,
77477,
77379,
77381,
77302,
77380,
77388,
77382,
77304,
77389,
77384,
77385,
77373,
77386,
77571,
77354,
77484,
77355,
77095,
77363,
77356,
77449,
77447,
77429,
77375,
77050,
77039,
77032,
77520,
77521,
77406,
77523,
77469,
77407,
77498,
77478,
77075,
77047,
77545,
77489,
77578,
77581,
77584,
77583,
77048,
77053,
77515,
77377,
77433,
